1;2;190
1;3;380
2;1;190
2;4;244
2;6;437
3;1;380
3;5;406
4;2;244
5;3;406
5;6;200
5;7;195
5;10;195
6;2;437
6;5;200
6;9;118
7;5;195
7;8;175
8;7;175
8;9;134
9;6;118
9;8;134
10;5;195
10;11;154
10;12;176
11;10;154
11;12;86
12;10;176
12;11;86
4;13;800
13;4;800
